20 6
0
2
9
14
17
18
19
0
1
5
7
8
11
16
0
2
5
9
14
15
19
0
3
6
7
13
14
18
0
3
4
5
10
13
16
2
3
5
6
7
12
16
1
2
3
6
11
13
18
0
1
7
9
12
15
17
2
4
8
10
13
18
19
7
9
11
12
13
17
18
6
8
9
10
15
17
18
1
2
4
11
13
14
18
2
8
10
11
12
13
19
0
3
5
13
14
15
16
2
3
8
13
14
15
19
4
10
13
15
17
18
19
2
4
7
10
15
16
18
4
8
11
12
17
18
19
2
5
7
13
15
16
18
4
7
9
10
16
18
19
0.931769
0.583594
0.803872
0.547987
0.286764
0.339336
0.289163
0.676440
0.211246
0.467857
0.730525
0.392003
0.780941
0.602190
0.811445
0.702963
0.203458
0.041782
0.919306
0.048632
0.107065
0.534077
0.509717
0.109552
0.561618
0.224849
0.374625
0.849691
0.308189
0.132777
0.476827
0.116194
0.055944
0.246163
0.439505
0.535912
0.424529
0.480178
0.120422
0.334166
0.923920
0.161190
0.819774
0.681988
0.556129
0.798337
0.149376
0.322576
0.216690
0.718266
0.101495
0.265672
0.019150
0.425937
0.121145
0.851862
0.808274
0.204362
0.215683
0.440905
0.136207
0.205940
0.854838
0.783806
0.496146
0.258958
0.115338
0.400875
0.249459
0.623348
0.304152
0.801249
0.723478
0.601872
0.598192
0.010349
0.542081
0.927664
0.858617
0.281550
0.050326
0.792256
0.949250
0.291319
0.814146
0.095626
0.589927
0.238652
0.379253
0.758495
0.111660
0.213396
0.874768
0.712450
0.342671
0.046082
0.694143
0.113691
0.798512
0.095953
0.917031
0.775382
0.629167
0.028578
0.880573
0.986600
0.676173
0.285232
0.708241
0.249872
0.812826
0.738723
0.117012
0.521855
0.769763
0.946955
0.621244
0.587842
0.537519
0.420090
0.085331
0.114621
0.525039
0.715241
0.261557
0.983584
0.787637
0.697070
0.322568
0.326698
0.449106
0.387048
0.396813
0.949508
0.970501
0.453156
0.112989
0.182882
0.931518
0.806575
0.613997
0.092374
0.462707
0.791416
0.756431
0.971845
0.502498
0.882866
0.402902
0.871014
0.261444
0.886585
0.454496
0.536207
0.897373
0.050798
0.086523
0.520501
0.655316
0.162323
0.786994
0.490017
0.542552
0.820379
0.880104
0.116445
0.875963
0.657517
0.112223
0.583329
0.160688
0.655066
0.931773
0.948615
0.431765
0.818709
0.747794
0.881422
0.593930
0.798083
0.740711
0.189186
0.009100
0.041307
0.958238
0.379395
0.861351
0.681146
0.952637
0.016379
0.146982
0.200592
0.292150
0.749327
0.213875
0.198134
0.409147
0.659555
0.079066
0.293223
0.502512
0.258217
0.915467
0.602021
0.284423
0.131192
0.223965
0.316522
0.099431
0.815401
0.669582
0.460651
0.722308
0.507900
0.785567
0.454460
0.793930
0.266531
0.713739
0.010925
0.427802
0.176478
0.136172
0.728140
0.903358
0.475172
0.243939
0.857523
0.895554
0.629800
0.253938
0.805821
0.440328
0.638896
0.271778
0.060214
0.917820
0.633101
0.395778
0.018103
0.631761
0.614360
0.417058
0.475184
0.245879
0.011134
0.281108
0.661610
0.568050
0.604396
0.910102
0.571183
0.340839
0.545127
0.307355
0.905651
0.201349
0.831242
0.750264
0.781966
0.007684
0.574281
0.829276
0.747358
0.367194
0.388276
0.284640
0.646994
0.531652
0.138972
0.259189
0.417269
0.842155
0.351627
0.247040
0.693473
0.202779
0.499301
0.034612
0.724537
0.059229
0.584213
0.950951
0.426499
0.329220
0.501149
0.715319
0.337498
0.329657
0.317044
0.949837
0.085421
0.120674
0.980275
0.348098
0.718024
0.779945
0.949167
0.012231
0.359092
0.297702
0.231388
0.897358
0.535144
0.955706
0.369554
0.854417
0.382448
0.891724
0.193917
0.841630
0.634866
0.670808
0.368219
0.951362
0.071465
0.747380
0.182378
0.452344
0.624796
0.307693
0.869537
0.598660
0.254904
0.240937
0.281514
0.651177
0.514636
0.786415
0.904425
0.806286
0.730665
0.031651
0.271639
0.200822
0.760070
0.581490
0.479361
0.023843
0.624349
0.522027
0.704531
0.833830
0.963867
0.874173
0.626479
0.062427
0.953353
0.735090
0.713229
0.572680
0.535412
0.265614
0.293336
0.277655
0.341736
0.128781
0.828057
0.844792
0.640982
0.798438
0.356890
0.961298
0.008230
0.253231
0.607859
0.710917
0.673804
0.940463
0.500142
0.628634
0.940247
0.244316
0.383869
0.934921
0.615498
0.747910
0.245236
0.798517
0.905851
0.538783
0.644650
0.243631
0.126334
0.812531
0.061786
0.405675
0.413398
0.627543
0.154906
0.475660
0.344063
0.017101
0.885734
0.902567
0.150616
0.965899
0.010405
0.442531
0.853223
0.455169
0.507243
0.744304
0.177999
0.333032
0.263830
0.369089
0.611312
0.052317
0.402394
0.200689
0.407645
0.147372
0.404950
0.918217
0.346786
0.091339
0.605575
0.228653
0.397685
0.185428
0.710763
0.377018
0.395829
0.254120
0.365191
0.523140
0.151305
0.631418
0.258594
0.272359
0.713588
0.041398
0.159597
0.976808
0.026927
0.682445
0.935015
0.110857
0.976419
0.975876
0.369884
0.403216
0.429158
0.896324
0.006250
0.703287
0.728549
0.082939
0.100251
0.605099
0.253565
0.444638
0.920977
0.123468
0.555502
0.006050
0.334974
0.984962
0.913252
0.291393
0.765920
0.779038
0.890136
0.290915
0.044239
0.718676
0.891113
0.193959
0.915033
0.110746
0.139256
0.737132
0.067001
0.285718
0.618609
0.794070
0.671801
0.559155
0.122143
0.336602
0.804404
0.078399
0.534999
0.259741
0.651312
0.047271
0.550681
0.649574
0.207588
0.239966
0.202846
0.177115
0.148058
0.343704
0.648013
0.497449
0.656654
0.908723
0.676476
0.666167
0.102534
0.818084
0.634226
0.295580
0.954472
0.208045
0.753407
0.743593
0.405942
0.436960
0.984513
0.896269
0.520231
0.231811
0.777312
0.228811
0.123498
0.454482
0.772712
0.211922
0.902409
0.466952
0.506608
0.084999
0.515296
0.916378
0.708558
0.358128
0.868155
0.011898
0.500807
0.897861
0.070176
0.789866
0.564673
0.644969
0.885305
0.195016
0.234817
0.366736
0.051753
0.863023
0.848200
0.913790
0.731241
0.610066
0.206483
0.307207
0.031754
0.957943
0.818106
0.518595
0.018852
0.513779
0.406147
0.923514
0.687326
0.452241
0.873151
0.016131
0.630917
0.610847
0.344164
0.581299
0.323455
0.697154
0.187888
0.007694
0.334559
0.103434
0.090256
0.545047
0.985332
0.022863
0.751458
0.390479
0.724076
0.671157
0.189365
0.122097
0.154922
0.404887
0.660302
0.509208
0.588750
0.077955
0.771192
0.841184
0.928914
0.902927
0.563135
0.545866
0.678509
0.131877
0.626867
0.702509
0.712784
0.315684
0.818066
0.456130
0.711048
0.547804
0.596975
0.197380
0.606988
0.478267
0.621060
0.682684
0.704589
0.672177
0.816211
0.728645
0.047475
0.915774
0.464452
0.903763
0.309579
0.126268
0.279834
0.944392
0.363511
0.401161
0.013111
0.506215
0.523914
0.511098
0.689199
0.780689
0.256577
0.588492
0.565336
0.269106
0.045319
0.335859
0.457357
0.437276
0.659378
0.622510
0.619969
0.621321
0.756022
0.210142
0.201897
0.609938
0.724028
0.298062
0.864194
0.662177
0.656172
0.285687
0.064105
0.669855
0.167562
0.235592
0.381421
0.087386
0.655608
0.410396
0.518547
0.957172
0.226946
0.800130
0.080300
0.207822
0.169799
0.789689
0.736248
0.104592
0.360761
0.182773
0.509672
0.160044
0.366451
0.985553
0.942133
0.961357
0.388131
0.574740
0.906304
0.561660
0.636442
0.433207
0.332106
0.910473
0.166580
0.094672
0.325649
0.358061
0.165778
0.606480
0.181423
0.908092
0.087270
0.761310
0.705048
0.406969
0.677011
0.814538
0.565759
0.578312
0.912843
0.539163
0.727383
0.153121
0.771364
0.150716
0.105248
0.077240
0.489760
0.434998
0.994274
0.507129
0.233871
0.245005
0.580019
0.921205
0.416784
0.100540
0.800729
0.662291
0.609415
0.608544
0.183307
0.460063
0.514785
0.873352
0.120612
0.738673
0.337670
0.338260
0.043804
0.260933
0.801458
0.802575
0.513143
0.128918
0.445153
0.749639
0.189663
0.211987
0.528755
0.260498
0.597869
0.866895
0.395494
0.692620
0.261860
0.467128
0.512278
0.019921
0.893375
0.146694
0.693041
0.308508
0.562957
0.366634
0.264315
0.458685
0.916521
0.072975
0.208653
0.097631
0.704757
0.072305
0.438793
0.147644
0.421419
0.730167
0.911710
0.333251
0.626911
0.717042
0.930246
0.443881
0.721978
0.041628
0.289611
0.673606
0.861584
0.107150
0.702347
0.474873
0.535300
0.389343
0.661467
0.519746
0.753443
0.493494
0.488722
0.714182
0.699173
0.575696
0.901957
0.139340
0.212070
0.975084
0.486401
0.349169
0.639105
0.825871
0.777426
0.177370
0.092505
0.031484
0.007583
0.930119
0.134933
0.872094
0.288399
0.976530
0.967350
0.079728
0.267146
0.741071
0.411982
0.358123
0.118149
0.701080
0.360805
0.062736
0.734645
0.888880
0.293574
0.519642
0.104204
0.497666
0.205977
0.150262
0.060424
0.947087
0.833233
0.025218
0.887139
0.324627
0.604621
0.401365
0.346381
0.762657
0.805946
0.434750
0.390415
0.120343
0.986482
0.919976
0.955319
0.486443
0.497820
0.228500
0.812655
0.232379
0.204533
0.292824
0.420662
0.326746
0.622117
0.228401
0.262870
0.573526
0.751186
0.234909
0.717348
0.482053
0.653657
0.409372
0.332157
0.541605
0.746614
0.051841
0.102294
0.339313
0.966607
0.923763
0.628785
0.852060
0.331774
0.695167
0.364683
0.355063
0.009085
0.520147
0.959329
0.170810
0.581762
0.736516
0.978615
0.416597
0.227836
0.876449
0.474694
0.964046
0.376591
0.780910
0.139709
0.136871
0.614105
0.059403
0.881995
0.104105
0.860734
0.650965
0.414263
0.988393
0.390585
0.681332
0.069745
0.151592
0.862773
0.884810
0.051460
0.434055
0.691806
0.782400
0.477528
0.332012
0.538443
0.877578
0.753946
0.474238
0.745750
0.172739
0.118137
0.588065
0.348562
0.052614
0.908768
0.925211
0.041291
0.186322
0.530893
0.928716
0.015678
0.434010
0.769703
0.802045
0.050769
0.273506
0.736579
0.566634
0.926745
0.046794
0.031121
0.036002
0.837919
0.387818
0.079508
0.841385
0.674423
0.737849
0.610932
0.367846
0.265939
0.630102
0.172973
0.515676
0.130135
0.555838
0.078097
0.901231
0.305289
0.680512
0.483088
0.749246
0.001823
0.595702
0.655167
0.266910
0.554716
0.444078
0.679559
0.473756
0.241882
0.185236
0.464271
0.331121
0.233958
0.023761
0.745095
0.194541
0.197543
0.806243
0.703881
0.307390
0.459121
0.341015
0.307671
0.631388
0.222615
0.573655
0.784273
0.221201
0.764896
0.802698
0.696571
0.407144
0.751379
0.225141
0.002136
0.811331
0.999008
0.686669
0.767215
0.912567
0.776914
0.943656
0.938552
0.418819
0.408194
0.178082
0.258653
0.595659
0.858793
0.465849
0.124866
0.636797
0.639227
0.922100
0.203781
0.180026
0.220568
0.354742
0.341878
0.016055
0.572327
0.841731
0.266245
0.970577
0.476062
0.288553
0.905538
0.106459
0.349104
0.180860
0.018783
0.913927
0.214743
0.205444
0.429905
0.521329
0.435664
0.100841
0.548164
0.948614
0.823359
0.890992
0.331778
0.760577
0.785470
0.350758
0.461488
0.005239
0.201642
0.509508
0.364772
0.960314
0.639987
0.518770
0.692907
0.550562
0.473425
0.731908
0.109074
0.636205
0.285317
0.540331
0.933065
0.109483
0.669833
0.011858
0.533236
0.958842
0.612779
0.636748
0.864110
0.479108
0.980480
0.119977
0.268446
0.523538
0.898937
0.154360
0.269779
0.689413
0.074374
0.989540
0.642193
0.782002
0.794827
0.043391
0.702797
0.833347
0.344302
0.282093
0.041637
0.714496
0.227083
0.013927
0.362257
0.974268
0.998122
0.048847
0.561782
0.232439
0.584255
0.200671
0.216118
0.901688
0.817383
0.479662
0.005409
0.384335
0.654111
0.695569
0.383732
0.794143
0.644738
0.889539
0.261934
0.905528
0.873656
0.229346
0.536663
0.813933
0.292513
0.500751
0.510223
0.962158
0.796828
0.305004
0.884260
0.630453
0.844237
0.344414
0.858552
0.747309
0.858313
0.138790
0.182224
0.348918
0.642148
0.838431
0.253975
0.211348
0.460932
0.585238
0.934344
0.843148
0.703628
0.583678
0.401671
0.036970
0.158038
0.796240
0.044204
0.217844
0.817814
0.494182
0.774937
0.131486
0.589655
0.214110
0.265959
0.917752
0.357678
0.115407
0.573138
0.550401
0.935225
0.918593
0.691743
0.712525
0.264177
0.147752
0.122498
0.540599
0.810144
0.950556
0.562906
0.538044
0.292581
0.330387
0.286776
0.473391
0.898998
0.813480
0.966974
0.422704
0.286913
0.675345
0.542149
0.261468
0.093792
0.252896
0.550967
0.901398
0.588421
0.093905
0.098748
0.990188
0.952530
0.582713
0.745897
0.802400
0.135211
0.626912
0.890802
0.876626
0.272951
0.654236
0.644699
0.269238
0.566082
0.311168
0.322925
0.457825
0.521868
0.841159
0.776397
0.267337
0.960936
0.245875
0.128189
0.028381
0.492723
0.644723
0.974195
0.157971
0.422288
0.080293
0.663605
0.975987
0.611414
0.139307
0.382192
0.851979
0.786571
0.595334
0.025976
0.019618
0.963006
0.492379
0.551972
0.896469
0.081430
0.967403
0.781667
0.436697
0.630704
0.686427
0.014698
0.215226
0.666965
0.791497
0.389780
0.132982
0.036575
0.222244
0.149663
0.927863
0.360669
0.003650
0.960860
0.612628
0.973280
0.617066
0.681357
0.384722
0.895004
0.901699
0.969186
0.329987
0.064319
0.066856
0.599016
0.918064
0.913998
0.316119
0.879744
0.129644
0.566066
0.844263
0.738506
0.146741
0.542033
0.339584
0.321934
0.366172
0.377410
0.704895
0.252009
0.300140
0.655650
0.572566
0.687222
0.850070
0.437861
0.240600
0.692664
0.545863
0.990972
0.269227
0.348030
0.682420
0.991748
0.782325
0.173687
0.282092
0.474372
0.212784
0.185260
0.674941
0.471731
0.886914
0.096171
0.343750
0.949983
0.642065
0.500114
0.378264
0.643034
0.245164
0.061083
0.366228
0.014322
0.147333
0.290394
0.213378
0.482390
0.499017
0.164562
0.733709
0.035671
0.081153
0.701233
0.376882
0.084126
0.084182
0.338006
0.778351
0.012780
0.877804
0.021890
0.763219
0.015795
0.699522
0.473332
0.154511
0.378365
0.819017
0.023418
0.946365
0.249169
0.618846
0.144941
0.036691
0.835958
0.086511
0.543127
0.191860
0.560366
0.079094
0.340228
0.128329
0.138329
0.123961
0.298090
0.615785
0.716829
0.560643
0.549342
0.561922
0.573338
0.986513
0.869528
0.367882
0.269703
0.430729
0.333737
0.558923
0.913315
0.561619
0.564336
0.570903
0.769280
0.768628
0.533795
0.972951
0.798102
0.000963
0.358584
0.687699
0.926211
0.753927
0.342519
0.996065
0.856493
0.679956
0.560283
0.074406
0.796447
0.439427
0.964881
0.753517
0.562661
0.079476
0.280857
0.077660
0.373243
0.576991
0.299435
0.321892
0.209409
0.995604
0.813526
0.345733
0.064469
0.234299
0.621377
0.511963
0.032097
0.613438
0.351426
0.963313
0.244048
0.017892
0.630806
0.036584
0.660451
0.014429
0.595975
0.230690
0.445430
0.409636
0.031183
0.707465
0.376901
0.481572
0.455165
0.439278
0.140268
0.655149
0.269177
0.952300
0.160463
0.726358
0.161234
0.138437
0.445768
0.037079
0.827022
0.081031
0.507589
0.301503
0.977429
0.463290
0.239842
0.766751
0.445932
0.052380
0.580993
0.670675
0.857592
0.460707
0.264896
0.289656
0.252145
0.903953
0.250640
0.462465
0.400775
0.079518
0.417569
0.850067
0.229277
0.767658
0.317560
0.870988
0.530319
0.455584
0.322779
0.314126
0.678267
0.252500
0.946799
0.240635
0.833078
0.549229
0.965640
0.638096
0.757166
0.284324
0.324036
0.902841
0.389985
0.184405
0.992252
0.090406
0.030871
0.732958
0.770659
0.198988
0.841509
0.302418
0.649659
0.342996
0.635771
0.395408
0.919978
0.759026
0.987251
0.353105
0.998597
0.082092
0.602117
0.570602
0.073642
0.701550
0.046329
0.091397
0.621240
0.241573
0.569830
0.973020
0.678970
0.940310
0.716733
0.806277
0.972287
0.851280
0.436799
0.145279
0.014722
0.059148
0.128251
0.185868
0.437167
0.283666
0.054010
0.062071
0.221917
0.538582
0.936731
0.620007
0.044999
0.909868
0.330602
0.763005
0.667733
0.931491
0.713080
0.621158
0.361192
0.776364
0.154933
0.553915
0.250851
0.471381
0.963185
0.158595
0.035872
0.737782
0.986203
0.492238
0.844237
0.826220
0.039352
0.031709
0.854583
0.671366
0.240968
0.446891
0.282264
0.476186
0.838563
0.537155
0.555160
0.086239
0.769296
0.646028
0.125536
0.426930
0.593119
0.083917
0.980685
0.708817
0.755597
0.556407
0.712600
0.395722
0.649298
0.929616
0.726182
0.416714
0.417782
0.068219
0.602815
0.072488
0.084496
0.893945
0.354835
0.290987
0.964481
0.239714
0.206279
0.528135
0.679559
0.854228
0.138349
0.862203
0.588480
0.895961
0.501425
0.270843
0.096428
0.972656
0.089034
0.485281
0.386048
0.179698
0.440044
0.174484
0.632195
0.351096
0.720193
0.099175
0.147195
0.873555
0.226345
0.701538
0.760942
0.815699
0.239810
0.596456
0.498299
0.531386
0.624434
0.250411
0.376933
0.216726
0.258099
0.437795
0.959621
0.731972
0.722453
0.598347
0.030916
0.081947
0.936749
0.092845
0.410932
0.952286
0.193537
0.147613
0.177700
0.775076
0.987048
0.869119
0.560676
0.827992
0.169602
0.563977
0.384899
0.562594
0.815396
0.993149
0.313753
0.049955
0.614858
0.366582
0.038575
0.983672
0.861662
0.042030
0.704472
0.235307
0.737147
0.091853
0.599586
0.283142
0.006069
0.077896
0.671073
0.109758
0.644869
0.100546
0.739236
0.106268
0.970900
0.937567
0.020281
0.395555
0.457409
0.657911
0.523226
0.082749
0.025205
0.249821
0.326276
0.984679
0.548862
0.861706
0.005899
0.459715
0.259197
0.489807
0.071576
0.082420
0.907489
0.404559
0.550390
0.611680
0.752649
0.990246
0.721062
0.484522
0.621767
0.561208
0.664233
0.426192
0.974248
0.731159
0.150228
0.463336
0.942858
0.375553
0.187702
0.280453
0.246088
0.133588
0.192375
0.814385
0.348136
0.865644
0.118478
0.675654
0.147652
0.841383
0.963669
0.099011
0.354941
0.800942
0.799074
0.762345
0.184864
0.968075
0.658754
0.439849
0.398176
0.228257
0.017703
0.101626
0.448058
0.838101
0.545144
0.635042
0.767312
0.336387
0.624653
0.637524
0.271489
0.731471
0.238632
0.738177
0.672929
0.556131
0.341772
0.386568
0.741983
0.889830
0.411296
0.484657
0.647439
0.391942
0.789336
0.001171
0.067898
0.441546
0.513073
0.015615
0.263210
0.704080
0.859349
0.656712
0.308295
0.275781
0.772631
0.265165
0.939892
0.230382
0.230014
0.713144
0.170612
0.310891
0.279898
0.410338
0.238301
0.780572
0.942961
0.467853
0.474998
0.825524
0.047187
0.753499
0.913873
0.152309
0.459123
0.486222
0.187012
0.550975
0.641052
0.589255
0.239780
0.803942
0.005135
0.095702
0.787382
0.718202
0.716811
0.423325
0.574861
0.873640
0.990489
0.802059
0.900277
0.035256
0.104879
0.543923
0.124819
0.816219
0.226527
0.023819
0.022894
0.758710
0.750170
0.989835
0.274141
0.082476
0.632239
0.605445
0.423227
0.024273
0.174944
0.811346
0.907599
0.504992
0.825493
0.312103
0.653596
0.253382
0.644989
0.988687
0.397050
0.787964
0.982720
0.155767
0.326729
0.105248
0.679764
0.845169
0.675695
0.377668
0.418157
0.040163
0.469327
0.525545
0.634783
0.575499
0.132838
0.439820
0.509247
0.761037
0.104584
0.069730
0.273791
0.515628
0.228963
0.998965
0.373053
0.241217
0.793322
0.205412
0.812178
0.784924
0.816635
0.560135
0.940119
0.532216
0.236575
0.957173
0.015913
0.724107
0.488944
0.603438
0.015220
0.042968
0.919804
0.818913
0.345774
0.042384
0.999537
0.882437
0.855239
0.455372
0.338661
0.683782
0.776385
0.510541
0.746540
0.961519
0.013706
0.123062
0.734253
0.180933
0.705641
0.540515
0.895938
0.088012
0.269551
0.677747
0.209352
0.126076
0.445368
0.686561
0.216707
0.913784
0.086110
0.387089
0.613414
0.237183
0.421517
0.067208
0.943720
0.101852
0.009373
0.151459
0.966892
0.792245
0.127740
0.009571
0.025411
0.136891
0.364247
0.555951
0.264850
0.741199
0.110819
0.501986
0.144115
0.281744
0.156171
0.560201
0.441057
0.061479
0.508017
0.342735
0.517217
0.569848
0.654591
0.844989
0.088798
0.078115
0.535310
0.379297
0.172982
0.170427
0.139254
0.765490
0.335294
0.593673
0.855530
0.032630
0.563591
0.959233
0.706648
0.338615
0.826784
0.649770
0.236470
0.698960
0.631052
0.036760
0.716968
0.772694
0.647392
0.871855
0.814280
0.936160
0.301912
0.388796
0.818243
0.325299
0.770220
0.107003
0.460459
0.632353
0.834428
0.770100
0.197189
0.502718
0.139946
0.403493
0.622331
0.662361
0.194403
0.400040
0.977187
0.261339
0.417557
0.948904
0.485451
0.396479
0.601386
0.872996
0.761249
0.320146
0.924847
0.810279
0.265751
0.631768
0.355545
0.871329
0.817885
0.275444
0.311405
0.612690
0.323695
0.116448
0.705184
0.660823
0.547791
0.761062
0.798980
0.950121
0.504277
0.242697
0.800498
0.114999
0.985404
0.104806
0.670418
0.256760
0.427312
0.973606
0.585647
0.637024
0.879405
0.329230
0.368639
0.690594
0.317432
0.738315
0.246250
0.603622
0.929642
0.336422
0.243912
0.102894
0.882500
0.170727
0.737842
0.929503
0.274391
0.680561
0.309422
0.338134
0.516735
0.966022
0.696794
0.188519
0.727548
0.325986
0.174584
0.881438
0.164230
0.543434
0.981112
0.160429
0.905306
0.318630
0.822806
0.097607
0.643669
0.703019
0.658476
0.658124
0.369539
0.851955
0.245794
0.370578
0.645126
0.539847
0.105449
0.764871
0.146917
0.739294
0.486826
0.938531
0.226814
0.910749
0.202223
0.012463
0.641229
0.900932
0.347911
0.391899
0.066315
0.249692
0.309089
0.869003
0.365359
0.982284
0.635032
0.135226
0.753421
0.950912
0.594806
0.399603
0.625207
0.387147
0.542665
0.692332
0.236372
0.019107
0.125306
0.252858
0.975039
0.978838
0.635678
0.810268
0.753285
0.731307
0.233426
0.796633
0.226086
0.672492
0.939846
0.137386
0.185651
0.545112
0.207813
0.393916
0.007541
0.284802
0.863520
0.346886
0.621859
0.081164
0.382243
0.990740
0.210108
0.693667
0.865976
0.796735
0.625126
0.463450
0.377299
0.541167
0.879089
0.293597
0.032434
0.908057
0.010601
0.487131
0.627183
0.254746
0.025431
0.450422
0.030249
0.876820
0.214728
0.492615
0.133199
0.707879
0.868093
0.025857
0.513974
0.336481
0.447434
0.236504
0.220095
0.884766
0.865822
0.096455
0.725331
0.035829
0.622009
0.413432
0.414276
0.412056
0.782562
0.991453
0.100228
0.494368
0.134924
0.549955
0.178281
0.271013
0.785163
0.779118
0.524209
0.146308
0.838681
0.598343
0.072827
0.258099
0.345486
0.844337
0.571813
0.336209
0.387279
0.061499
0.536057
0.619239
0.527560
0.454855
0.906433
0.634877
0.088619
0.663979
0.645602
0.481489
0.531057
0.759434
0.498274
0.450634
0.619048
0.787275
0.589431
0.013253
0.618141
0.385349
0.583203
0.017075
0.589964
0.894382
0.093811
0.452416
0.003335
0.477814
0.174422
0.489645
0.728291
0.576636
0.769663
0.976364
0.927617
0.291411
0.861782
0.251844
0.828630
0.057148
0.767984
0.234228
0.743564
0.403722
0.892941
0.467629
0.640765
0.781218
0.871459
0.615701
0.826370
0.945245
0.487417
0.869833
0.780059
0.730895
0.737815
0.809885
0.549600
0.876995
0.419659
0.054653
0.704764
0.840040
0.377100
0.034941
0.911697
0.304742
0.943519
0.065289
0.977343
0.150144
0.936151
0.091387
0.095747
0.182629
0.184919
0.014737
0.166546
0.703711
0.877134
0.762279
0.738531
0.081919
0.883425
0.621346
0.576655
0.965278
0.376142
0.539776
0.503007
0.161147
0.264093
0.883108
0.353584
0.035597
0.619144
0.940424
0.008065
0.751411
0.460872
0.978414
0.561084
0.061608
0.153326
0.876878
0.749735
0.137654
0.458490
0.868731
0.920296
0.205633
0.256881
0.417308
0.769360
0.240861
0.039608
0.108074
0.286974
0.089067
0.201256
0.479737
0.136974
0.338071
0.582036
0.888340
0.005636
0.754874
0.925259
0.167656
0.988384
0.655819
0.431694
0.339167
0.821270
0.613015
0.045027
0.080628
0.713961
0.747247
0.243253
0.719950
0.561078
0.832235
0.000563
0.202627
0.591250
0.404972
0.472139
0.984627
0.903709
0.694784
0.527217
0.581167
0.034368
0.282525
0.299528
0.295863
0.477848
0.915505
0.355404
0.602821
0.013628
0.600778
0.905070
0.602092
0.988770
0.959869
0.926748
0.554672
0.309532
0.210407
0.195810
0.600126
0.045244
0.493757
0.794362
0.596650
0.840219
0.938381
0.933947
0.797031
0.795867
0.651160
0.468633
0.645091
0.755585
0.988757
0.541669
0.564372
0.271024
0.032642
0.846079
0.173550
0.981641
0.042764
0.564467
0.949188
0.261437
0.570909
0.279899
0.454731
0.086691
0.880458
0.076472
0.158948
0.265162
0.788063
0.747769
0.412400
0.506851
0.488056
0.633990
0.223784
0.643084
0.289763
0.626436
0.518579
0.730148
0.405523
0.393359
0.115059
0.488941
0.910149
0.885346
0.480261
0.579733
0.821318
0.516081
0.599670
0.711438
0.019207
0.682360
0.591746
0.453515
0.673168
0.387282
0.739129
0.377511
0.409292
0.811280
0.295819
0.183437
0.914387
0.706782
0.917853
0.145148
0.034842
0.851856
0.813781
0.393076
0.565307
0.183393
0.266147
0.842181
0.684283
0.231371
0.458644
0.181597
0.816843
0.894769
0.573407
0.103542
0.208819
0.018348
0.637726
0.490716
0.677916
0.466687
0.653669
0.008007
0.828614
0.358905
0.860669
0.145412
0.223040
0.650661
0.706212
0.798921
0.963343
0.568575
0.036981
0.558311
0.098682
0.925674
0.004079
0.826286
0.675414
0.969691
0.639943
0.735800
0.921334
0.340986
0.425401
0.825797
0.049350
0.754331
0.672451
0.780689
0.797313
0.719479
0.900876
0.806120
0.224250
0.233365
0.374863
0.091990
0.764925
0.654423
0.565709
0.570089
0.406537
0.477638
0.130752
0.630123
0.513849
0.718567
0.830946
0.446701
0.670669
0.717429
0.753828
0.353051
0.143486
0.024600
0.700798
0.435307
0.041620
0.949529
0.505247
0.045981
0.656480
0.610660
0.075805
0.518778
0.157744
0.490329
0.507150
0.590951
0.493092
0.489754
0.628070
0.532495
0.927217
0.419963
0.142372
0.115912
0.809135
0.210501
Optimum: 15.739864000000004