20 2
0
14
17
0
1
15
2
10
17
0
3
7
4
5
8
5
9
18
4
6
15
7
10
14
8
15
17
1
7
9
8
10
17
6
11
12
4
12
13
4
13
16
0
8
14
5
15
19
6
10
16
6
8
17
5
13
18
8
9
19
0.458333
0.519498
0.870546
0.319099
0.694386
0.719407
0.894878
0.964313
0.520290
0.248860
0.498688
0.331308
0.453728
0.186513
0.021647
0.750466
0.422973
0.433942
0.157534
0.352566
0.119070
0.391139
0.449352
0.179792
0.986580
0.205555
0.378121
0.309259
0.382109
0.725814
0.051126
0.899079
0.015745
0.822550
0.030094
0.093197
0.339099
0.641600
0.820969
0.925002
0.014841
0.823232
0.163220
0.817463
0.739923
0.635946
0.738294
0.996193
0.351669
0.678531
0.352277
0.458348
0.802076
0.714057
0.398138
0.421080
0.581123
0.940556
0.364342
0.448221
0.080007
0.340275
0.116125
0.193399
0.452341
0.537566
0.994005
0.837467
0.363897
0.652931
0.249954
0.876618
0.343086
0.442895
0.637357
0.444812
0.012738
0.857909
0.763269
0.347653
0.432239
0.526893
0.481115
0.237533
0.449212
0.266745
0.497471
0.818004
0.453346
0.490990
0.404651
0.907264
0.518243
0.159428
0.623269
0.502029
0.508437
0.943827
0.594622
0.015487
0.016948
0.277713
0.520494
0.040806
0.404539
0.793550
0.826530
0.515079
0.326236
0.589913
0.483217
0.636756
0.308751
0.385341
0.639721
0.667690
0.315162
0.333812
0.205798
0.707787
0.954378
0.992383
0.086802
0.368961
0.463358
0.278159
0.058387
0.554015
0.146036
0.824858
0.634085
0.919598
0.264397
0.704389
0.690915
0.741382
0.004168
0.070103
0.294895
0.843650
0.081894
0.545266
0.495040
0.621931
0.639992
0.563727
0.499936
0.009769
0.036045
0.221512
0.318634
0.198337
0.572204
0.704536
0.104871
0.803436
0.649971
0.866326
0.343698
0.422892
Optimum: 14.507512000000002