20 5
0
2
6
10
12
13
1
3
6
7
13
18
1
2
3
4
15
18
2
3
6
12
13
19
4
7
8
13
15
19
1
5
12
13
15
17
1
4
6
14
15
17
7
9
11
13
14
18
0
3
4
8
14
17
4
9
15
17
18
19
0
3
5
6
10
12
5
6
8
9
11
14
8
10
12
13
15
17
0
1
10
12
13
17
3
12
13
14
15
19
0
4
10
14
15
18
2
9
10
11
16
17
1
5
9
11
15
17
8
10
11
16
18
19
0
6
7
9
12
19
0.614966
0.572471
0.531001
0.200191
0.430341
0.376481
0.832214
0.577971
0.778038
0.279320
0.607992
0.225801
0.723536
0.511364
0.523234
0.626079
0.140449
0.767793
0.157384
0.773851
0.287826
0.184690
0.703905
0.062403
0.133442
0.614695
0.526200
0.949908
0.900822
0.925358
0.798450
0.769136
0.710384
0.222703
0.213537
0.229095
0.745942
0.558341
0.075170
0.251586
0.485885
0.650751
0.576279
0.828253
0.729225
0.290477
0.550012
0.900544
0.548730
0.429235
0.403349
0.437786
0.849954
0.664367
0.152730
0.807228
0.406682
0.716246
0.265306
0.535998
0.241462
0.834772
0.326984
0.945958
0.923485
0.772557
0.367678
0.697149
0.304520
0.694722
0.717342
0.791424
0.573297
0.705283
0.073457
0.276034
0.865935
0.565133
0.914831
0.340173
0.128262
0.299263
0.805113
0.310769
0.420825
0.398757
0.051876
0.422769
0.044176
0.287294
0.829746
0.643573
0.189967
0.769503
0.896613
0.556851
0.171349
0.660662
0.608105
0.215761
0.089799
0.688332
0.661811
0.992500
0.083181
0.351536
0.447285
0.197507
0.877769
0.291473
0.160065
0.224547
0.122331
0.573298
0.498408
0.945691
0.725910
0.055149
0.710741
0.831112
0.439445
0.361413
0.287307
0.351814
0.367357
0.372860
0.278629
0.608270
0.383567
0.151407
0.718348
0.184003
0.981311
0.143939
0.609348
0.455742
0.831698
0.016144
0.217653
0.803543
0.108092
0.962751
0.391629
0.149487
0.342079
0.209624
0.115368
0.952814
0.502916
0.560426
0.765425
0.065832
0.220520
0.892003
0.360603
0.583382
0.036844
0.818647
0.464540
0.688348
0.945623
0.074227
0.164901
0.400263
0.114160
0.410357
0.127633
0.993696
0.531668
0.090219
0.364764
0.373990
0.726767
0.955642
0.830199
0.954480
0.063998
0.074845
0.974975
0.199036
0.545390
0.082155
0.701969
0.794810
0.896951
0.955092
0.283629
0.313015
0.457623
0.132822
0.917177
0.563607
0.637783
0.650093
0.686597
0.091057
0.734337
0.383727
0.854153
0.247031
0.625422
0.486573
0.145720
0.764604
0.306152
0.730378
0.080539
0.706987
0.517102
0.254544
0.177270
0.700282
0.960164
0.477493
0.613882
0.488993
0.054276
0.621675
0.541299
0.139953
0.664755
0.931360
0.520516
0.620962
0.024752
0.357863
0.564813
0.578262
0.784078
0.676802
0.558282
0.862763
0.858069
0.513229
0.317255
0.687168
0.299159
0.308557
0.279026
0.387188
0.503738
0.077078
0.675566
0.652791
0.982833
0.656682
0.377637
0.062133
0.971463
0.399781
0.144967
0.096225
0.182780
0.563882
0.574590
0.350404
0.671196
0.709666
0.423498
0.258553
0.277443
0.119777
0.232130
0.725442
0.216478
0.328790
0.699744
0.073409
0.536374
0.577361
0.935034
0.102923
0.126650
0.249261
0.466141
0.469217
0.918150
0.776146
0.640629
0.419494
0.512058
0.301746
0.437537
0.188561
0.492526
0.375782
0.699312
0.037490
0.602116
0.368536
0.250075
0.268691
0.945802
0.114068
0.173200
0.166336
0.001145
0.929879
0.571517
0.366917
0.898438
0.701493
0.138531
0.916027
0.832188
0.123292
0.163688
0.596712
0.373098
0.906753
0.275779
0.948820
0.533727
0.428291
0.904430
0.402692
0.810007
0.968329
0.988677
0.732252
0.401271
0.958532
0.401143
0.466289
0.687518
0.215971
0.831117
0.200763
0.067484
0.964540
0.872216
0.323212
0.531900
0.955805
0.542597
0.376206
0.779865
0.726056
0.833627
0.619143
0.223934
0.225798
0.798964
0.860211
0.037944
0.295048
0.713749
0.994733
0.563329
0.462413
0.720504
0.223059
0.839863
0.011209
0.963930
0.854725
0.468711
0.729827
0.518736
0.364687
0.347845
0.317640
0.280066
0.324237
0.588658
0.299471
0.363515
0.434733
0.423733
0.493498
0.104437
0.271816
0.105605
0.035926
0.913448
0.256490
0.179794
0.688696
0.829515
0.105833
0.714894
0.070434
0.438312
0.017783
0.425545
0.674083
0.162805
0.183986
0.187546
0.065550
0.563042
0.919781
0.801177
0.280325
0.923918
0.261484
0.078035
0.621851
0.266658
0.521815
0.675139
0.258569
0.167533
0.209675
0.734435
0.898973
0.792750
0.294866
0.331058
0.071062
0.402565
0.624649
0.877269
0.861878
0.521426
0.043687
0.592299
0.161468
0.084198
0.219576
0.050570
0.693642
0.604403
0.286756
0.841465
0.867051
0.830185
0.235933
0.355027
0.576848
0.179697
0.053703
0.143136
0.783183
0.105108
0.991013
0.731317
0.675825
0.425270
0.627016
0.161419
0.279520
0.729837
0.735536
0.608085
0.494591
0.441966
0.207428
0.498461
0.455932
0.062987
0.922563
0.824078
0.798801
0.953726
0.170475
0.218297
0.577101
0.503817
0.736581
0.429919
0.035165
0.496001
0.112708
0.213458
0.905888
0.798774
0.412668
0.967769
0.939812
0.737193
0.281120
0.070806
0.638872
0.920661
0.438888
0.084580
0.916537
0.429833
0.739807
0.537528
0.422544
0.437500
0.750602
0.647638
0.756777
0.917291
0.013784
0.501206
0.622043
0.732662
0.055177
0.844457
0.782227
0.757435
0.011284
0.878945
0.819461
0.624646
0.675863
0.579200
0.985636
0.379695
0.146956
0.151938
0.458905
0.290344
0.420559
0.737216
0.187735
0.910759
0.406165
0.367481
0.623948
0.511427
0.476294
0.436541
0.733987
0.921136
0.756824
0.258647
0.461174
0.874123
0.212590
0.137683
0.661460
0.453532
0.887477
0.088861
0.301287
0.638495
0.421585
0.892254
0.476248
0.615180
0.669544
0.689069
0.871622
0.515719
0.723639
0.442065
0.252739
0.974476
0.868720
0.976875
0.560855
0.663819
0.205885
0.820563
0.938251
0.872172
0.215691
0.219526
0.609634
0.805021
0.694504
0.133608
0.977548
0.637963
0.402213
0.935516
0.879326
0.595656
0.833570
0.346458
0.178276
0.867419
0.568356
0.439940
0.167822
0.837965
0.361147
0.534443
0.600836
0.153341
0.336754
0.055164
0.500269
0.170448
0.185955
0.333849
0.076496
0.322936
0.444465
0.601755
0.022366
0.921054
0.894168
0.413156
0.641731
0.087775
0.731247
0.781908
0.298077
0.107210
0.657831
0.036243
0.101232
0.987083
0.266154
0.058595
0.848938
0.435796
0.371765
0.848075
0.188237
0.154705
0.224281
0.114175
0.648007
0.689733
0.584926
0.232647
0.105382
0.954758
0.867452
0.956423
0.903281
0.660653
0.138338
0.053734
0.348224
0.405464
0.719332
0.099788
0.445873
0.801278
0.357307
0.536466
0.950187
0.927142
0.319180
0.907520
0.809103
0.326055
0.363718
0.608034
0.509762
0.528299
0.960038
0.494357
0.856638
0.617324
0.059657
0.575988
0.621216
0.128219
0.506839
0.418360
0.484597
0.673444
0.202721
0.634944
0.832098
0.356827
0.279802
0.549055
0.423047
0.151323
0.073581
0.113968
0.730698
0.200045
0.268726
0.287541
0.562390
0.750665
0.077357
0.596268
0.204518
0.004326
0.395812
0.536252
0.199078
0.375699
0.780101
0.361832
0.518490
0.799337
0.471160
0.500911
0.820662
0.170116
0.642252
0.220332
0.575640
0.312084
0.597247
0.338893
0.576268
0.399682
0.213715
0.878660
0.316794
0.334693
0.319218
0.573731
0.852275
0.003455
0.224221
0.178931
0.173059
0.767517
0.835729
0.727178
0.003174
0.594569
0.313881
0.558864
0.951110
0.069081
0.139877
0.162259
0.009962
0.177502
0.002751
0.760517
0.713269
0.327172
0.568211
0.408355
0.994897
0.652769
0.331891
0.394470
0.153240
0.553761
0.543654
0.482079
0.186964
0.871112
0.698588
0.746052
0.173557
0.698761
0.350285
0.715394
0.537240
0.638232
0.736334
0.843365
0.790198
0.273929
0.350374
0.350510
0.507348
0.104335
0.569183
0.515599
0.336807
0.243292
0.725943
0.852691
0.101383
0.633271
0.510659
0.475877
0.436942
0.153013
0.228155
0.603214
0.239007
0.603896
0.367021
0.579831
0.857496
0.090491
0.127154
0.651907
0.466173
0.278069
0.161599
0.831605
0.256371
0.103869
0.053020
0.792247
0.119118
0.131264
0.601994
0.192974
0.013676
0.118442
0.754513
0.830085
0.135887
0.744626
0.436757
0.059979
0.308772
0.907328
0.567859
0.957375
0.883077
0.948637
0.695013
0.178969
0.518040
0.653982
0.636892
0.139641
0.948228
0.363085
0.841978
0.973939
0.555219
0.645382
0.749037
0.730921
0.362495
0.975788
0.530877
0.172089
0.995517
0.576374
0.170953
0.066547
0.695661
0.454470
0.371306
0.875030
0.743675
0.020202
0.250322
0.518517
0.119841
0.842765
0.032599
0.311575
0.567441
0.922256
0.417153
0.386363
0.161377
0.151021
0.610047
0.927161
0.938497
0.977461
0.716298
0.772729
0.817633
0.846435
0.554798
0.991138
0.841417
0.028618
0.040608
0.113383
0.958701
0.931955
0.245533
0.587230
0.251663
0.422551
0.543358
0.154578
0.652611
0.035181
0.099201
0.764650
0.424651
0.027114
0.620769
0.436883
0.629768
0.053946
0.823295
0.744751
0.818992
0.531091
0.552687
0.252330
0.591841
0.244772
0.057481
0.585621
0.506829
0.122507
0.604173
0.635113
0.025794
0.938490
0.543999
0.462697
0.294456
0.703513
0.341104
0.277646
0.316633
0.526515
0.643085
0.524474
0.516685
0.388476
0.641845
0.855825
0.451552
0.346426
0.114017
0.545395
0.354053
0.527300
0.684705
0.964267
0.493223
0.873566
0.306999
0.502845
0.855492
0.689930
0.616224
0.557666
0.884663
0.884726
0.973219
0.699563
0.607545
0.364328
0.194786
0.392251
0.579408
0.762120
0.117453
0.272408
0.784774
0.588458
0.098087
0.825851
0.479254
0.984069
0.718149
0.742036
0.923693
0.111469
0.895866
0.532599
0.068197
0.000455
0.988251
0.904834
0.447254
0.565727
0.209657
0.713752
0.977307
0.616625
0.865450
0.302453
0.640705
0.066069
0.611546
0.344517
0.404061
0.937361
0.025654
0.340144
0.583210
0.451705
0.472807
0.892467
0.962175
0.184674
0.093852
0.500023
0.515587
0.644650
0.893043
0.050936
0.888576
0.599462
0.314118
0.444892
0.623776
0.753022
0.652603
0.076706
0.796491
0.407897
0.729287
0.986819
0.708191
0.355639
0.707101
0.535399
0.379750
0.794598
0.569042
0.461949
0.788716
0.302277
0.250664
0.239298
0.348286
0.183528
0.555725
0.599221
0.242381
0.096293
0.458828
0.886888
0.514185
0.607494
0.167835
0.199075
0.239888
0.925491
0.163017
0.549555
0.730365
0.734092
0.090368
0.209714
0.245087
0.160879
0.720672
0.899755
0.917665
0.508145
0.252122
0.098334
0.895486
0.652710
0.338809
0.547479
0.756375
0.110044
0.389375
0.484515
0.646775
0.321002
0.599239
0.580623
0.250623
0.595694
0.783430
0.374298
0.488157
0.950517
0.452820
0.988853
0.578647
0.594395
0.859994
0.168727
0.296992
0.632603
0.328817
0.710490
0.372476
0.998449
0.188802
0.856268
0.775431
0.016048
0.472699
0.772614
0.095863
0.680333
0.695682
0.675247
0.128097
0.171540
0.676665
0.100696
0.385600
0.885908
0.614104
0.852490
0.233497
0.646317
0.616220
0.808708
0.093263
0.736347
0.962528
0.139900
0.860732
0.372968
0.263920
0.258998
0.297416
0.101166
0.924683
0.244282
0.227124
0.089711
0.517224
0.580546
0.905210
0.672377
0.010986
0.871701
0.882374
0.594131
0.372582
0.900433
0.535276
0.563189
0.391607
0.638911
0.698621
0.958091
0.512408
0.818045
0.691709
0.977267
0.110821
0.559147
0.473193
0.247353
0.679833
0.878229
0.229246
0.676918
0.235273
0.952969
0.804973
0.327218
0.369524
0.740786
0.481611
0.422299
0.766322
0.178010
0.588735
0.211742
0.519786
0.251837
0.213802
0.507118
0.508827
0.773243
0.323021
0.935955
0.678111
0.104248
0.837123
0.815367
0.041922
0.310653
0.579626
0.396922
0.868837
0.558126
0.343557
0.734772
0.757424
0.178865
0.494811
0.323172
0.586534
0.452700
0.503656
0.291080
0.200459
0.490302
0.310868
0.130447
0.645767
0.184814
0.269995
0.760370
0.218823
0.229687
0.291149
0.305139
0.426319
0.114455
0.304381
0.494708
0.738312
0.750358
0.806404
0.707603
0.042226
0.492597
0.459529
0.176885
0.272633
0.915329
0.390201
0.834707
0.186875
0.762687
0.067001
0.055314
0.638080
0.443553
0.962293
0.645605
0.734893
0.355008
0.979429
0.445670
0.965290
0.746425
0.353651
0.281314
0.738275
0.813228
0.813927
0.853661
0.469466
0.140507
0.321506
0.929617
0.933611
0.934936
0.047899
0.337285
0.397087
0.502310
0.977302
0.372214
0.131956
0.078790
0.406868
0.587520
0.134289
0.616854
0.808658
0.815125
0.518193
0.995597
0.275926
0.029505
0.304486
0.595961
0.042973
0.828372
0.347483
0.681741
0.274597
0.153404
0.648988
0.614965
0.346693
0.186407
0.402636
0.919190
0.768385
0.971502
0.780943
0.655337
0.402002
0.550375
0.670918
0.135072
0.256474
0.781493
0.035701
0.811996
0.081152
0.355663
0.138193
0.644137
0.261012
0.219656
0.297637
0.924419
0.226736
0.086823
0.566760
0.708730
0.509008
0.744349
0.431645
0.706570
0.244470
0.763479
0.560063
0.960555
0.048438
0.419829
0.568201
0.200873
0.961004
0.129722
0.811392
Optimum: 16.222923999999999